1000 71
16 187 775 82 285 282 211 758 934 759 108 830 544 779 966 557 625 
7 486 35 445 668 471 143 476 
13 428 176 764 733 456 913 194 339 191 485 920 684 220 
6 701 19 160 401 203 12 
10 803 106 426 773 377 683 788 732 914 244 
14 36 724 703 164 141 376 827 204 810 689 309 613 800 962 
19 734 829 786 878 981 762 921 908 951 343 431 741 55 942 193 291 958 649 286 
15 50 488 321 320 638 767 188 272 595 132 768 755 329 353 489 
23 475 720 999 580 980 931 864 51 508 466 929 267 992 372 472 197 25 296 548 856 556 86 793 
1 886 
18 32 584 248 283 492 63 116 66 776 234 610 262 415 242 112 567 175 935 
5 312 885 905 152 603 
24 727 209 799 3 212 345 153 23 620 276 708 255 307 340 909 665 660 791 731 889 391 892 590 256 
7 54 438 453 154 554 656 436 
4 20 460 690 40 
15 299 369 95 846 516 217 615 546 910 700 319 895 266 604 145 
23 493 313 464 277 39 606 131 986 959 186 337 284 325 129 628 863 5 308 109 801 952 364 807 
6 205 294 949 552 922 918 
11 587 837 459 361 592 698 867 38 538 396 328 
7 135 874 424 879 195 925 68 
13 721 968 664 44 677 351 915 271 608 410 893 171 70 
15 371 250 413 647 834 868 639 983 249 98 495 869 930 93 33 
19 832 549 916 80 420 481 240 528 366 392 645 866 898 611 196 133 425 883 331 
3 600 71 564 
12 461 714 682 458 30 582 439 199 699 9 288 780 
15 146 228 996 64 2 787 399 414 784 766 452 215 757 818 616 
8 740 380 530 346 822 761 500 210 
17 47 157 772 676 710 845 233 642 192 805 389 58 359 836 119 673 128 
1 4 
13 383 978 62 156 136 756 643 474 670 478 26 907 470 
6 397 115 605 824 702 743 
3 202 838 545 
16 839 311 46 189 274 94 599 338 421 243 222 730 219 555 52 854 
14 181 719 123 512 330 629 208 398 713 820 118 901 279 813 
9 134 462 746 48 85 21 970 850 504 
4 22 945 808 125 
19 669 570 634 31 252 227 785 572 536 363 726 148 451 355 559 281 753 446 300 
16 821 943 374 28 860 795 576 950 877 747 667 378 96 117 8 169 
16 626 306 688 646 334 477 316 882 161 14 513 672 933 927 748 416 
1 265 
13 224 18 894 565 167 900 641 375 60 386 738 221 828 
2 990 113 
19 298 535 253 84 509 631 737 419 229 305 73 657 365 57 151 617 423 681 16 
7 919 636 56 412 110 406 739 
9 577 906 697 651 912 301 568 993 91 
12 891 342 849 591 303 526 578 873 384 662 239 317 
20 553 897 953 393 661 139 991 602 388 126 182 835 430 447 405 179 729 655 241 815 
19 550 833 34 658 946 937 887 695 400 468 977 496 90 130 138 235 103 497 717 
2 65 395 
7 622 433 955 465 522 687 692 
11 819 403 354 811 348 297 843 122 841 735 293 
18 816 144 178 524 150 506 944 261 514 637 848 963 236 736 691 861 924 633 
23 723 341 170 774 304 652 411 960 140 247 954 903 278 214 183 790 408 104 653 621 218 987 360 
14 707 574 533 165 995 693 911 607 463 588 251 804 507 469 
6 168 237 520 177 159 666 
8 29 402 579 77 994 322 716 207 
10 540 246 53 43 928 560 10 563 704 771 
18 871 948 368 517 794 417 41 454 938 778 998 76 547 539 172 575 213 367 
8 449 890 155 853 581 166 875 680 
25 760 957 601 97 523 902 696 823 198 127 754 435 831 789 650 290 162 855 686 7 502 635 105 81 201 
9 323 632 521 185 745 200 352 292 505 
20 99 173 27 434 543 534 862 483 961 385 593 78 541 295 847 630 404 989 644 765 
17 510 111 259 457 985 826 648 852 825 859 932 712 487 336 597 15 287 
26 614 174 594 245 561 318 88 137 618 596 349 441 226 440 857 357 612 1 694 583 467 74 216 623 792 11 
11 718 101 180 750 332 230 407 571 814 223 490 
11 394 37 973 83 797 709 427 484 442 498 844 
19 796 379 842 499 270 802 480 872 479 184 501 443 972 257 728 418 382 967 585 
2 956 503 
20 558 899 619 158 997 777 573 75 711 225 482 163 974 984 107 335 45 120 315 347 
21 49 72 812 494 674 706 817 69 988 609 324 840 124 149 870 238 147 751 61 100 888 
19 865 142 675 231 444 260 87 190 206 624 781 685 491 518 537 381 519 969 939
